1. 2
2. 82
3. 29
4. 77
5. 97
6. 87
7. 80
8. 20
9. 11
10. 52
11. 89
12. 81
13. 91
14. 20
15. 30
16. 43
17. 66
18. 44
19. 33
20. 40
21. 35
22. 96
23. 100
24. 18
25. 57
26. 21
27. 67
28. 6
29. 28
30. 85
31. 96
32. 88
33. 6
34. 5
35. 79
36. 48
37. 29
38. 60
39. 98
40. 32
41. 24
42. 34
43. 64
44. 31
45. 43
46. 12
47. 85
48. 67
49. 58
50. 97
51. 78
52. 51
53. 17
54. 20
55. 61
56. 4
57. 95
58. 16
59. 57
60. 57
61. 49
62. 81
63. 93
64. 36
65. 72
66. 65
67. 56
68. 2
69. 26
70. 6
71. 85
72. 51
73. 34
74. 25
75. 71
76. 83
77. 11
78. 24
79. 18
80. 16
81. 35
82. 14
83. 58
84. 0
85. 32
86. 35
87. 13
88. 20
89. 35
90. 41
91. 6
92. 61
93. 71
94. 7
95. 100
96. 65
97. 24
98. 68
99. 41
100. 60
101. 19
102. 59
103. 91
104. 95
105. 6
106. 20
107. 42
108. 80
109. 27
110. 17
111. 46
112. 37
113. 23
114. 38
115. 6
116. 94
117. 57
118. 64
119. 53
120. 0
121. 96
122. 86
123. 98
124. 58
125. 96
126. 2
127. 94
128. 53
129. 32
130. 31
131. 10
132. 2
133. 23
134. 92
135. 46
136. 95
137. 15
138. 5
139. 52
140. 23
141. 94
142. 2
143. 92
144. 38
145. 4
146. 56
147. 88
148. 44
149. 73
150. 77
150. 83
151. 91
152. 42
153. 57
154. 58
155. 12
156. 5
157. 77
158. 65
159. 55
160. 97
161. 8
162. 41
163. 31
164. 68
165. 97
166. 60
167. 68
168. 0
169. 42
170. 48
171. 34
172. 61
173. 85
174. 17
175. 73
176. 7
177. 37
178. 12
179. 68
180. 63
181. 18
182. 40
183. 96
184. 41
185. 34
186. 70
187. 50
188. 100
189. 74
190. 26
191. 73
192. 73
193. 69
194. 43
195. 34
196. 56
197. 47
198. 74
199. 50
200. 91
201. 99
202. 48
203. 77
204. 31
205. 26
206. 44
207. 55
208. 25
209. 3
210. 21
211. 10
212. 4
213. 53
214. 59
215. 89
216. 62
217. 84
218. 84
219. 20
220. 88
221. 14
222. 7
223. 28
224. 0
225. 88
226. 33
227. 88
228. 18
229. 72
230. 28
231. 32
232. 20
233. 54
234. 42
235. 98
236. 4
237. 38
238. 68
239. 98
240. 92
241. 36
242. 31
243. 13
244. 18
245. 60
246. 64
247. 15
248. 23
249. 75
250. 26
251. 49
252. 21
253. 27
254. 26
255. 62
256. 20
257. 42
258. 32
259. 78
260. 94
261. 18
262. 33
263. 28
264. 43
265. 88
266. 67
267. 25
268. 74
269. 69
270. 97
271. 57
272. 100
273. 33
274. 83
275. 76
276. 31
277. 52
278. 18
279. 68
280. 54
281. 85
282. 50
283. 91
284. 63
285. 41
286. 76
287. 15
288. 29
289. 14
290. 32
291. 79
292. 38
293. 41
294. 45
295. 42
296. 25
297. 89
298. 1
299. 40
300. 21
